937
945
986
967
867
768
873
911
911
911
896
857
801
763
781
820
852
862
875
865
846
866
935
981
1000
1000
937
875
831
866
957
1038
1067
1054
1060
1034
988
976
936
898
863
871
875
897
898
866
842
845
851
851
818
839
857
868
849
805
816
849
858
822
770
745
728
745
791
835
848
819
822
816
732
686
655
650
690
736
780
834
876
857
893
939
863
782
759
787
814
754
751
736
713
692
628
575
542
500
484
484
476
458
451
450
465
477
481
479
474
466
460
447
435
422
416
411
399
390
382
370
370
379
394
379
363
330
316
304
313
317
333
351
351
349
340
331
320
300
292
295
297
292
286
285
280
279
276
264
251
241
238
249
233
220
225
214
217
205
214
247
258
284
313
336
406
522
484
442
427
466
477
478
480
467
460
434
424
428
414
404
393
430
454
512
529
498
508
502
508
516
525
553
589
632
664
806
873
927
966
978
1008
951
944
938
917
914
916
906
871
884
952
978
975
985
962
988
1007
997
1020
939
907
845
861
844
826
793
817
810
840
825
911
929
932
971
962
916
924
871
845
783
750
758
762
764
779
810
843
873
869
870
893
910
913
930
991
1055
1124
1200
1195
1142
1155
1148
1120
1117
1132
1141
1141
1098
1001
975
933
916
929
925
893
916
960
1019
995
877
814
795
779
768
711
643
555
538
578
687
714
705
698
697
695
669
644
674
684
675
683
710
699
698
681
659
635
617
643
623
563
479
440
397
381
375
353
355
385
370
362
355
356
319
302
295
308
319
321
319
328
308
268
247
229
222
223
213
201
201
186
170
161
153
138
130
121
111
103
112
140
156
151
165
185
204
198
145
132
115
97
88
74
59
69
70
77
64
42
32
37
41
45
50
57
74
79
92
91
61
59
68
59
76
96
83
73
87
85
77
80
81
87
86
84
76
73
80
69
78
83
78
75
79
76
75
81
79
77
77
84
81
84
99
112
130
123
105
104
94
85
79
83
68
70
69
112
121
109
91
104
92
80
83
92
90
84
77
84
89
83
73
77
78
75
72
73
69
67
66
63
65
94
99
79
76
80
77
69
67
68
64
56
52
52
47
44
45
48
51
51
46
40
42
42
43
39
41
44
44
44
43
42
42
42
47
50
48
51
45
45
41
43
46
46
49
49
48
47
44
42
40
39
39
38
38
36
32
42
43
43
37
43
48
52
51
36
35
45
39
45
53
65
55
35
36
37
37
43
40
38
38
37
41
41
41
38
42
45
43
41
43
45
44
43
47
50
47
45
47
49
54
52
50
47
43
39
38
37
34
41
49
59
62
52
45
43
43
39
32
30
33
36
36
39
39
36
33
33
28
24
27
32
30
29
28
28
30
32
33
36
34
43
50
55
52
53
56
52
48
43
39
35
32
30
28
28
29
24
24
24
24
25
30
30
29
32
33
34
32
28
26
29
28
23
21
24
31
40
44
41
38
32
32
33
33
33
35
33
26
20
18
17
16
17
16
18
17
18
20
20
21
19
17
20
22
22
28
34
32
33
31
31
30
29
26
25
25
20
21
20
24
28
24
23
26
33
36
42
45
48
46
44
40
38
33
27
26
28
29
33
37
39
36
29
22
22
25
28
26
24
19
17
23
30
32
31
28
24
19
14
16
16
15
20
23
32
37
34
30
24
20
13
13
12
13
13
16
17
15
17
19
17
16
16
16
24
22
21
20
19
19
21
27
26
22
16
18
29
25
27
38
40
33
31
27
27
20
18
28
31
32
32
34
43
46
50
51
53
52
56
60
59
58
54
48
46
45
44
47
50
55
60
60
59
58
59
62
61
48
42
38
36
35
36
35
33
33
34
37
37
33
29
27
29
35
39
47
55
59
57
56
50
42
37
31
27
26
26
27
25
26
26
27
28
31
35
37
37
36
36
39
40
41
40
41
40
39
38
38
39
39
41
39
33
32
35
32
28
35
36
34
32
34
41
46
41
42
58
73
86
92
97
104
115
126
134
137
138
136
133
135
130
123
120
117
111
105
100
97
98
100
101
108
106
98
86
99
110
105
116
130
144
151
152
150
166
179
193
198
197
207
215
210
210
215
221
221
232
251
267
284
294
302
314
325
337
340
336
327
323
322
318
307
280
243
214
179
137
133
133
133
134
141
143
137
137
140
149
144
141
140
143
149
155
157
162
165
168
173
180
189
193
192
189
186
183
183
189
193
199
199
203
198
191
186
187
186
196
204
214
228
235
231
358
350
342
384
417
363
379
395
400
394
382
385
375
373
378
380
392
407
403
393
394
392
388
384
382
379
373
367
365
361
353
337
320
311
312
313
313
320
316
314
315
310
311
316
324
324
323
325
325
317
316
315
312
310
301
294
300
306
308
312
318
325
333
344
344
338
333
323
321
325
344
363
387
414
415
392
376
358
319
274
247
239
241
248
252
268
279
282
281
285
283
279
269
255
248
247
255
255
246
248
254
245
241
251
271
294
324
331
317
297
268
242
235
240
250
254
249
249
246
243
241
242
244
252
253
244
227
226
221
230
238
228
205
193
181
195
196
188
173
158
161
170
171
160
148
155
151
144
147
154
158
153
156
152
155
157
157
145
142
139
134
129
126
121
120
124
119
121
129
136
145
152
159
164
167
173
176
176
171
162
156
150
145
141
138
137
139
141
139
137
140
137
143
145
140
129
128
142
155
167
166
162
152
147
154
160
160
169
175
175
180
188
194
191
191
189
185
180
181
181
175
171
165
162
163
155
143
142
141
137
137
133
133
131
135
139
144
143
135
127
127
130
128
126
131
133
132
136
133
140
147
156
161
160
154
157
167
174
178
189
195
195
201
197
190
193
198
209
212
205
195
199
196
193
185
186
194
198
192
182
172
155
142
134
128
121
117
121
126
135
131
122
113
107
111
114
115
115
115
121
123
130
135
136
129
125
119
114
100
91
85
86
87
92
94
94
92
109
126
133
142
157
165
163
167
185
199
204
210
216
215
225
231
234
236
230
222
214
219
221
223
213
214
215
217
211
214
213
200
183
179
176
170
165
161
161
160
159
155
150
146
137
139
145
153
168
164
163
159
159
160
153
144
133
132
133
117
111
115
115
111
99
110
113
101
95
91
89
92
93
85
81
85
94
101
103
101
97
90
99
102
111
116
120
124
120
119
123
138
144
146
157
184
194
205
232
236
223
232
245
265
283
285
276
269
272
284
289
273
257
229
221
215
213
205
194
191
181
189
192
196
191
190
174
191
206
209
215
222
246
246
250
249
246
248
252
254
249
252
246
248
254
262
263
263
259
252
245
234
233
225
216
207
196
192
195
195
194
190
197
205
201
194
189
187
181
181
176
180
183
186
186
186
178
170
161
153
147
146
133
117
118
126
123
120
122
121
135
150
169
178
175
188
201
189
175
191
197
193
202
212
205
205
218
239
244
245
242
247
244
235
222
229
213
190
191
190
186
178
166
184
189
193
185
183
190
199
200
200
213
214
212
216
212
205
207
216
219
213
209
211
220
215
206
216
224
207
207
236
254
241
239
242
247
256
258
254
246
241
245
248
249
252
256
261
261
254
243
239
233
234
243
247
252
243
229
233
241
242
238
228
224
226
233
242
248
247
254
251
249
246
250
252
241
235
242
246
253
250
243
237
250
266
261
266
293
321
348
352
371
400
402
395
412
429
438
440
439
434
437
435
417
384
363
350
347
343
325
295
274
259
243
233
227
222
217
215
202
194
203
206
195
174
165
150
129
121
114
118
137
149
157
162
157
160
171
175
176
175
186
212
224
227
234
253
262
258
256
257
268
271
284
299
300
291
299
289
286
283
286
299
307
307
319
322
322
328
328
334
335
332
337
343
350
363
377
389
384
379
373
385
402
424
427
432
462
499
543
533
546
575
603
636
650
654
721
670
700
713
759
752
757
715
722
718
686
607
594
586
573
564
554
556
549
544
517
482
450
454
444
433
424
431
460
475
474
478
472
460
451
452
442
425
436
438
423
407
379
379
383
391
392
379
380
381
374
374
373
382
388
393
407
412
412
415
413
411
411
414
413
397
387
372
359
348
329
306
298
314
328
343
348
337
329
336
339
320
304
304
314
327
331
325
314
319
317
310
304
299
286
278
282
299
314
337
331
313
348
386
380
341
330
300
252
264
303
342
369
355
326
343
329
327
378
415
437
421
396
362
336
347
369
408
412
380
353
338
328
331
328
329
332
322
327
342
372
373
383
379
377
389
396
400
395
371
361
370
365
362
356
349
336
335
326
328
340
337
324
324
317
322
319
322
324
311
309
309
316
317
302
300
310
306
300
306
305
303
305
319
321
306
301
327
346
301
291
300
308
316
337
366
412
467
468
490
493
465
459
455
455
467
479
482
471
455
458
483
488
485
487
501
481
435
423
444
455
452
448
432
423
453
446
453
474
475
455
457
457
464
477
510
542
544
524
523
507
480
469
495
490
483
475
489
493
507
544
451
439
447
446
439
462
473
478
486
506
507
492
473
480
473
478
459
439
450
459
467
495
497
499
483
456
432
409
427
435
423
424
425
415
396
403
390
377
358
328
349
377
396
416
428
398
394
419
408
399
407
413
399
389
385
370
378
407
417
411
422
430
431
433
447
446
442
466
454
430
417
439
459
469
383
327
307
304
292
284
277
282
274
272
281
300
328
352
377
404
386
351
325
327
330
324
298
285
282
282
270
249
238
230
216
198
189
190
178
161
149
140
152
154
140
125
130
110
126
165
156
110
109
106
101
101
108
113
106
97
85
78
72
74
86
91
85
82
76
71
78
77
68
64
60
55
57
64
67
61
60
66
78
85
93
111
126
128
115
119
122
119
110
105
106
115
124
123
115
104
101
122
143
165
165
151
143
135
143
151
152
150
143
131
124
130
135
135
139
140
142
138
128
132
141
150
154
143
139
132
120
101
99
103
90
90
99
105
100
88
74
72
73
74
76
79
80
89
127
141
152
235
219
264
334
410
464
470
482
502
482
482
485
504
493
488
466
446
439
402
387
386
341
320
286
282
247
271
248
250
241
242
233
211
202
190
184
185
183
181
177
170
170
165
170
168
163
159
159
156
148
137
152
131
125
120
116
107
108
121
133
130
123
115
112
101
92
94
99
110
114
100
79
72
71
76
86
82
74
67
69
75
86
79
71
69
71
70
69
63
59
55
53
54
53
54
54
52
47
48
54
59
57
54
53
51
50
45
44
42
40
43
43
46
51
54
51
44
43
46
51
61
68
69
66
65
69
69
69
68
70
79
74
69
58
49
43
41
45
45
40
43
51
53
54
55
55
55
57
62
68
69
72
73
71
70
82
91
93
100
100
94
94
98
103
106
108
109
107
107
105
100
105
104
99
93
95
100
102
115
124
128
133
139
150
167
148
154
167
160
146
179
217
366
235
282
294
332
343
367
380
387
405
422
422
407
399
408
419
409
398
376
362
362
346
342
324
317
321
337
335
331
329
352
369
368
361
365
376
381
393
430
455
457
447
437
430
421
420
406
386
378
388
402
412
414
412
418
412
382
367
370
395
423
433
409
362
325
308
291
247
241
280
303
316
325
340
359
369
364
366
360
371
365
386
379
411
433
466
482
478
471
477
500
545
562
562
553
530
498
474
521
553
571
575
574
584
586
581
542
507
502
513
514
517
554
624
685
725
711
689
704
701
677
674
670
655
665
699
714
694
676
667
667
690
699
729
771
777
760
708
640
674
701
718
660
619
623
588
619
634
634
659
649
638
644
655
655
598
577
598
634
650
647
646
661
657
633
592
549
531
515
525
558
577
586
578
566
552
537
522
515
543
551
553
572
611
655
672
676
678
664
661
659
682
693
667
641
628
635
643
636
619
588
574
596
634
668
684
676
648
612
559
556
608
632
635
637
664
672
669
664
641
616
594
600
633
653
627
615
613
642
647
585
528
517
531
562
599
646
689
727
737
728
716
695
665
637
598
582
560
555
540
528
522
511
496
482
467
447
445
438
412
400
420
425
415
418
415
391
401
409
439
446
421
405
393
365
369
364
367
390
428
437
423
404
388
402
411
400
387
393
388
383
384
392
395
388
372
360
351
337
310
287
270
261
259
255
254
248
218
212
232
244
242
234
224
205
211
198
206
215
213
206
208
208
210
219
224
228
232
232
235
233
249
251
252
248
236
231
223
218
201
204
206
207
210
212
208
206
197
193
189
205
210
191
192
197
194
192
199
205
199
183
177
171
179
177
171
169
167
172
176
175
174
192
210
213
226
238
273
287
301
328
341
332
327
344
355
374
440
548
606
644
684
693
738
876
959
1060
1125
1212
1291
1312
1346
1374
1400
1424
1385
1362
1332
1276
1271
1259
1267
1247
1172
1135
1111
1052
1018
962
983
1006
978
950
925
857
814
776
728
705
689
663
674
640
633
623
604
552
504
482
481
471
451
412
387
376
360
371
367
360
349
327
291
257
250
232
225
232
233
234
233
230
223
210
187
167
153
150
154
174
175
160
159
173
180
206
256
269
279
240
257
285
319
366
421
435
473
456
407
373
357
339
322
315
295
281
277
281
277
274
260
228
194
196
206
197
185
173
171
170
174
165
149
146
152
145
126
123
174
199
198
205
188
185
190
197
147
144
163
190
199
217
229
240
238
254
266
287
278
269
264
286
280
301
298
309
320
323
356
372
390
394
386
371
381
391
396
417
438
446
468
480
524
548
590
607
616
605
605
644
707
737
757
759
758
747
754
749
689
665
652
630
607
603
601
575
553
565
562
542
552
516
510
484
454
462
478
468
437
420
400
381
367
342
317
299
327
375
383
388
359
366
353
314
284
265
254
280
256
240
252
252
241
245
245
242
250
249
252
282
283
283
303
294
270
258
260
250
243
236
229
229
227
209
200
196
192
184
185
190
196
213
239
247
277
288
330
390
432
455
459
460
452
428
423
424
403
387
373
362
351
354
343
335
333
326
328
320
316
307
295
294
289
278
267
262
253
241
221
203
192
193
191
193
189
186
181
188
186
179
165
153
149
149
142
141
147
147
135
130
122
116
118
120
145
170
169
177
176
176
189
187
178
171
184
197
216
227
231
218
210
210
201
194
187
186
185
177
160
143
144
136
136
137
132
130
130
128
123
118
118
116
112
103
100
107
112
118
114
108
96
87
79
71
65
59
57
59
60
62
64
67
71
77
82
81
74
71
66
62
58
53
52
52
48
43
42
41
42
48
48
51
49
48
47
49
43
44
45
45
42
39
40
38
37
38
41
41
44
46
70
58
49
37
36
34
39
33
29
29
27
27
37
32
29
32
35
31
28
28
27
31
28
26
25
26
25
25
24
26
25
27
30
38
50
54
52
54
73
92
92
95
125
143
135
135
146
160
162
164
176
196
215
227
238
249
268
281
294
294
284
269
265
266
267
268
277
266
246
229
230
226
221
213
236
233
203
214
207
202
213
207
209
199
196
201
202
194
198
192
203
203
195
184
186
178
181
182
178
180
183
185
205
240
261
226
227
249
230
225
244
256
245
228
204
205
231
251
248
245
248
250
245
236
229
219
219
222
231
223
261
295
289
257
241
269
294
256
214
198
179
159
160
181
185
220
237
257
255
264
278
281
284
292
306
323
332
336
357
359
351
358
351
353
373
379
378
394
402
422
429
449
458
466
473
486
504
504
512
509
507
495
458
448
455
457
439
438
455
545
495
496
556
562
553
506
489
457
433
411
424
421
432
462
460
463
468
465
456
442
441
454
463
468
482
533
699
925
1016
837
840
799
894
923
1056
1058
1060
923
982
954
996
964
989
1256
1605
1193
1028
1248
1278
1067
1172
1199
1232
1224
1230
1303
1366
1391
1398
1361
1388
1390
1417
1455
1479
1472
1425
1392
1365
1367
1356
1347
1405
1344
1305
1283
1239
1176
1079
1006
1019
1004
989
936
939
934
937
976
998
969
894
860
923
927
928
887
853
840
836
842
866
885
939
1031
1130
1250
1345
1310
1285
1247
1202
1085
980
938
903
868
880
871
846
852
885
881
884
880
862
850
859
828
819
774
763
748
741
772
782
748
747
736
737
680
680
679
710
724
727
734
744
749
758
741
756
818
849
831
833
839
822
801
744
704
687
657
621
602
596
588
599
605
638
634
595
599
600
608
615
602
586
594
631
662
685
687
673
653
635
615
612
617
620
617
590
574
573
586
581
561
565
562
568
592
612
615
618
614
603
574
560
537
492
424
393
398
427
438
425
413
402
393
385
362
353
341
335
330
325
317
316
314
305
301
281
282
285
259
237
210
189
201
227
240
269
279
260
235
228
210
197
185
183
167
170
170
159
151
144
136
150
155
161
162
168
169
162
171
166
149
141
123
120
121
116
104
92
70
65
48
37
40
46
56
73
75
57
41
40
37
32
43
54
52
56
52
55
56
48
48
48
59
97
128
136
154
170
187
198
200
211
218
225
231
249
258
267
275
282
292
301
306
312
330
326
332
333
333
346
349
343
339
373
410
434
444
447
435
399
363
337
313
303
292
302
303
299
293
293
279
277
292
314
333
349
340
306
310
349
321
330
328
327
327
352
388
402
446
453
492
490
485
483
466
455
461
463
457
439
429
479
530
564
537
534
525
525
514
512
504
475
426
426
427
412
404
426
389
391
398
425
445
454
450
453
469
477
476
486
512
558
526
508
525
511
487
467
461
452
443
443
439
429
410
388
367
336
316
302
305
300
297
314
318
330
340
343
336
339
330
321
310
290
285
259
220
196
173
156
139
107
118
120
158
191
200
203
217
230
256
287
290
304
327
322
328
347
360
385
390
389
410
444
463
484
524
553
603
615
622
640
635
616
585
571
552
514
468
437
408
400
390
407
421
445
447
442
430
413
422
441
439
403
340
286
252
240
232
218
223
235
231
209
191
190
195
189
173
179
170
184
214
235
244
230
208
211
223
233
245
259
271
278
307
312
329
341
336
340
349
357
384
418
410
354
310
274
332
397
456
591
605
688
740
754
763
779
777
794
803
797
823
863
884
882
878
876
882
899
918
899
867
839
798
798
760
757
769
751
759
777
818
847
865
866
846
835
834
808
813
798
799
808
781
763
728
686
705
707
668
661
650
639
663
656
616
595
579
569
565
546
566
593
615
596
582
593
573
541
528
520
501
492
494
490
484
480
465
455
448
440
417
423
427
421
426
422
406
386
381
371
344
341
345
341
346
358
372
363
351
350
361
369
365
360
363
367
357
349
342
326
306
291
278
264
256
247
236
227
222
214
214
212
212
204
198
193
188
180
174
166
157
147
141
135
139
143
157
167
176
176
175
159
133
118
108
101
99
101
99
97
89
79
80
87
108
111
110
127
132
147
152
152
156
153
153
145
137
125
114
106
109
102
104
97
90
90
93
91
86
82
82
79
69
65
67
70
73
79
84
80
75
79
78
76
80
79
82
84
77
74
75
77
75
69
67
66
65
58
54
54
54
49
45
45
42
42
46
48
49
56
66
61
64
61
55
51
44
42
41
48
45
43
46
53
47
51
54
52
47
46
50
51
50
49
49
51
52
51
52
51
47
44
43
40
35
36
41
36
34
32
36
35
40
47
48
35
44
43
48
55
59
58
58
56
59
61
64
67
74
71
74
81
83
85
87
82
80
79
81
79
77
75
74
76
83
78
75
80
87
88
85
87
94
95
88
80
78
79
82
90
94
95
86
88
104
142
149
156
180
173
156
133
117
132
152
159
177
179
169
167
170
177
181
184
183
188
189
192
195
193
194
199
197
191
182
175
171
172
175
172
184
190
165
174
179
183
161
170
164
162
174
180
180
182
178
197
205
208
211
219
223
221
220
224
224
223
212
208
201
191
188
184
182
177
165
159
174
193
183
190
168
184
216
221
229
230
221
224
240
255
266
281
296
307
316
314
290
283
286
292
291
280
282
281
261
247
252
254
242
229
231
235
233
232
230
220
208
200
202
198
189
186
196
201
212
211
205
203
209
201
193
184
178
178
170
158
160
161
157
159
163
164
160
150
141
138
124
137
130
114
113
114
112
117
119
115
115
121
120
116
120
125
127
134
137
142
148
142
150
159
189
196
204
200
204
212
211
206
192
188
182
178
169
167
161
160
152
152
162
128
136
146
143
140
140
134
125
122
122
125
126
123
124
127
130
132
134
132
128
130
137
141
137
131
128
115
113
105
109
116
124
121
113
109
109
112
116
106
100
99
100
100
94
91
97
98
95
97
96
96
98
101
102
107
100
92
87
85
82
82
82
78
72
67
64
64
61
58
59
61
65
65
69
71
68
63
62
65
70
72
70
71
89
96
92
92
118
140
105
76
82
103
138
140
121
100
103
109
122
128
146
157
152
147
146
145
151
144
158
167
166
154
131
123
123
126
127
149
141
180
189
197
208
231
236
229
236
268
277
287
297
327
334
352
426
454
470
474
496
524
523
512
451
380
446
449
458
426
455
464
464
498
517
540
541
531
513
503
487
497
513
496
493
475
437
371
416
395
360
363
332
299
291
283
257
275
301
282
277
292
300
289
284
317
317
313
315
313
312
296
273
267
256
273
270
263
250
241
221
210
203
204
187
168
154
155
156
155
158
144
124
108
93
88
84
75
74
78
77
74
73
71
69
69
75
85
86
90
99
99
92
93
89
85
91
113
115
122
120
112
108
109
107
95
86
82
78
68
69
72
72
83
124
128
130
121
118
130
143
149
154
162
168
168
168
172
185
198
222
251
273
276
260
262
275
293
363
452
537
571
340
350
370
395
510
547
595
647
644
581
531
489
482
503
525
527
507
506
507
521
532
501
497
485
469
500
491
542
509
479
463
448
497
565
589
544
594
729
662
576
585
555
513
423
418
413
421
418
419
414
413
394
400
391
363
332
300
290
288
289
255
227
238
249
245
228
213
212
213
205
202
199
183
173
163
163
158
159
150
137
120
103
88
81
87
92
83
94
97
99
104
98
79
59
51
46
43
44
39
35
36
36
40
40
49
54
61
63
64
67
69
70
69
73
73
69
68
69
68
67
64
63
66
66
59
52
51
49
49
48
49
48
54
54
51
51
51
52
46
43
42
41
44
43
42
46
48
45
47
46
44
38
36
37
38
37
39
42
41
40
35
34
31
31
32
34
34
35
41
44
44
42
42
39
38
40
42
46
48
46
42
45
44
37
35
34
32
33
33
32
34
33
36
36
34
34
35
36
34
35
36
38
32
30
32
37
38
40
38
39
39
38
35
37
37
38
43
42
41
37
34
36
37
36
36
34
33
34
34
33
34
35
33
33
35
36
36
35
34
33
34
32
30
28
25
25
41
35
32
32
32
37
45
45
34
31
32
34
34
35
35
34
34
34
33
32
30
31
29
28
29
28
30
31
30
35
34
26
25
25
26
28
27
26
26
24
24
23
23
25
26
25
24
30
29
24
21
20
21
19
25
32
35
28
21
20
21
23
24
23
21
22
21
22
21
17
16
15
19
21
30
32
30
26
25
26
29
27
25
21
18
20
24
25
29
31
32
34
39
38
31
25
24
25
25
30
33
38
42
44
46
49
53
56
55
52
43
33
30
28
25
27
28
26
22
20
19
18
20
23
28
32
35
31
27
25
24
21
22
22
23
30
38
44
44
42
36
32
31
32
33
36
36
40
46
49
50
56
61
63
62
54
45
40
36
40
41
41
41
39
36
34
34
33
32
31
31
30
28
29
28
29
29
29
31
32
32
33
33
33
32
34
33
33
31
33
32
35
36
38
39
40
40
40
38
36
38
36
37
39
38
37
37
38
35
36
35
37
35
36
36
37
38
37
38
38
38
37
38
39
38
39
41
40
39
40
40
41
41
48
64
66
62
57
55
52
59
63
70
70
70
70
72
68
65
65
62
62
62
61
60
61
61
59
59
57
54
55
55
55
54
53
51
47
45
44
43
40
37
35
36
36
34
36
37
36
36
36
39
37
36
35
35
36
36
36
35
32
33
34
34
34
33
34
33
33
34
30
29
29
32
34
35
37
37
38
40
39
42
43
43
39
40
40
38
36
38
40
40
39
37
35
35
37
37
37
36
37
37
36
37
35
33
32
39
41
37
35
37
35
34
33
35
38
39
38
38
40
42
40
41
41
45
46
63
73
100
121
146
122
118
150
153
105
66
54
71
72
58
60
58
56
57
58
59
58
58
57
54
55
57
58
56
57
56
55
52
52
53
56
53
56
58
56
57
58
55
54
56
56
59
59
57
60
60
58
64
66
65
75
67
65
66
71
69
79
98
88
73
114
80
74
73
78
78
74
73
75
79
78
72
71
73
74
76
75
77
81
80
81
88
95
95
95
95
94
95
100
95
88
83
86
90
90
85
86
91
86
78
74
75
72
65
67
76
84
88
81
74
75
75
72
69
67
68
76
77
72
72
81
86
77
66
65
70
66
65
77
87
97
96
101
103
108
133
131
112
114
113
102
90
92
88
78
80
89
88
74
66
67
68
64
66
68
65
60
64
64
66
56
47
49
63
68
63
65
71
65
46
32
29
34
32
28
31
48
52
52
56
57
55
41
45
46
40
40
43
44
42
41
46
50
60
68
68
71
70
66
71
69
60
62
75
80
70
57
60
68
68
55
47
47
61
64
51
46
50
53
37
36
36
41
40
34
42
44
48
45
46
46
48
54
52
52
57
64
70
77
82
81
66
61
66
68
58
47
48
49
49
47
44
44
42
46
49
49
49
48
48
51
52
45
44
44
42
37
38
46
49
49
56
54
51
55
56
57
62
60
51
57
75
74
69
72
73
70
66
67
74
72
70
73
71
70
68
69
74
78
81
81
87
91
95
94
94
96
99
103
103
105
110
113
116
120
123
126
120
110
108
110
106
107
106
106
106
109
107
103
101
98
96
100
103
106
104
100
102
103
103
101
103
100
91
84
74
65
61
51
42
48
52
57
78
94
101
101
99
103
97
98
102
102
105
105
108
106
109
108
99
97
98
98
91
90
90
86
83
82
79
76
84
90
94
88
82
79
83
91
96
96
94
97
100
98
97
96
98
98
93
96
94
88
84
82
85
81
81
81
77
74
71
73
77
74
75
78
81
86
82
88
89
88
90
86
89
89
90
89
85
82
82
82
82
85
89
90
95
92
90
89
93
97
94
96
97
98
96
90
82
84
90
93
96
100
105
113
110
102
96
97
95
90
95
94
88
92
95
105
113
120
125
123
113
101
98
100
99
100
96
97
100
103
105
107
104
100
104
109
104
109
119
119
117
106
93
90
106
125
144
140
144
159
160
150
155
169
155
144
151
165
156
144
150
163
165
164
166
154
154
162
156
158
151
144
149
154
150
152
152
151
149
145
152
146
141
147
145
142
142
136
136
167
198
206
227
234
236
230
266
253
296
356
389
398
426
434
410
381
368
354
328
302
312
317
280
265
247
241
228
220
205
206
203
189
161
149
146
141
143
135
132
133
132
134
125
121
119
122
133
138
140
136
130
136
147
143
136
129
127
132
134
131
129
128
138
152
160
161
166
173
173
168
170
168
162
151
137
134
134
136
125
117
109
102
101
100
101
102
102
93
88
88
87
86
85
80
76
79
84
83
76
72
66
69
76
74
64
59
70
74
68
80
91
83
74
76
77
72
71
72
72
71
73
75
78
83
74
74
75
84
74
70
72
75
71
67
66
67
69
67
63
65
73
75
67
65
65
74
66
65
64
76
84
89
90
94
102
111
116
119
115
101
92
86
85
79
74
79
81
78
82
83
88
91
91
92
88
87
92
98
100
98
106
111
115
110
100
97
99
101
103
106
114
115
115
115
116
113
118
124
127
123
121
125
131
126
117
110
108
113
124
131
127
121
116
122
128
132
146
135
126
125
127
141
148
130
126
130
129
124
131
135
131
135
127
123
120
116
108
101
95
90
85
86
89
86
88
99
119
121
132
125
114
112
93
84
108
136
134
100
84
72
69
61
57
56
62
67
71
62
54
51
52
52
53
56
63
67
68
64
54
42
56
60
74
79
80
71
68
85
84
78
83
83
84
81
83
87
78
75
69
65
67
72
75
71
64
59
53
49
51
53
56
63
70
75
76
73
70
67
62
59
60
59
61
66
73
70
68
66
63
58
57
57
55
48
47
47
51
56
57
54
53
53
54
56
59
64
70
83
93
99
101
100
95
83
76
74
71
70
67
62
58
55
61
78
79
77
72
68
73
76
80
86
89
82
73
69
76
82
73
71
78
80
82
95
96
87
77
73
76
84
102
114
93
88
81
64
52
50
50
49
55
58
55
54
57
60
70
79
83
83
76
66
59
53
54
56
55
51
48
42
37
42
53
52
47
58
64
88
117
96
94
81
85
91
88
82
81
79
107
112
107
97
92
81
70
63
65
64
57
53
53
58
56
56
56
55
54
49
58
74
82
82
76
66
62
63
68
63
51
45
44
50
64
72
74
65
60
60
60
61
61
58
54
54
60
64
70
66
56
49
46
44
43
45
48
51
53
53
56
59
63
67
69
67
64
59
56
53
51
52
53
52
51
50
49
50
51
53
56
58
59
60
57
55
53
50
48
47
51
53
57
58
60
59
57
56
56
57
60
61
64
65
65
70
76
85
90
85
81
76
74
72
73
76
75
75
70
74
77
73
67
62
58
56
56
59
62
62
59
56
55
54
54
54
57
59
60
58
56
55
52
52
53
54
54
50
49
47
48
50
52
56
56
58
57
56
55
55
55
52
52
53
56
58
58
61
61
59
58
59
59
60
62
62
62
62
63
62
60
62
63
65
69
69
69
66
63
62
63
64
64
56
49
44
44
46
56
65
68
68
65
59
52
53
56
56
54
51
48
48
49
54
59
66
73
78
75
67
61
55
54
56
55
58
55
53
49
49
54
58
54
53
53
57
61
62
60
57
55
55
60
56
54
55
55
59
64
64
65
62
63
68
72
73
71
67
64
56
55
67
59
58
60
60
56
53
56
60
67
71
72
76
80
93
106
110
108
104
96
89
96
98
94
96
105
107
105
112
118
122
121
116
111
108
105
99
96
97
96
90
86
78
80
83
85
88
89
94
99
95
91
89
89
92
92
95
97
95
97
101
105
104
103
100
97
95
96
94
94
98
99
97
95
95
99
97
95
97
107
114
112
113
114
111
108
110
112
116
118
121
125
128
137
134
137
136
141
149
151
160
156
149
147
140
139
142
139
137
141
144
144
144
144
145
147
150
151
149
149
154
150
148
150
153
159
158
153
149
145
144
143
146
147
145
139
136
134
129
129
127
119
114
115
121
119
117
123
134
143
147
146
152
161
168
167
168
177
181
188
208
234
216
225
218
211
217
243
277
270
265
283
270
252
250
252
259
259
270
288
308
326
351
379
378
345
306
274
253
254
248
253
267
279
303
321
333
344
351
351
366
380
386
379
378
367
351
344
361
392
417
400
376
379
393
397
388
398
418
414
417
437
454
475
486
492
489
433
368
334
348
379
392
387
377
344
305
272
235
215
207
210
236
274
285
301
293
339
390
466
465
446
429
418
438
443
444
419
359
311
290
262
246
224
198
207
293
323
398
336
233
233
230
252
286
411
426
310
245
257
259
262
262
266
251
245
257
256
250
244
249
258
264
264
258
252
238
226
223
226
242
247
255
257
248
236
204
191
199
201
202
199
169
167
180
181
178
166
160
155
169
170
168
158
146
141
140
139
148
152
145
139
128
115
106
111
118
109
107
106
110
114
116
122
117
112
105
102
100
105
116
114
118
137
137
142
142
142
143
144
143
145
146
149
151
141
104
99
91
91
87
86
125
120
114
108
100
94
91
89
90
92
92
90
94
101
95
84
76
64
60
62
63
61
60
59
63
61
53
52
53
56
56
56
57
63
67
76
78
76
77
71
62
55
56
57
58
56
53
51
50
49
48
51
60
54
53
51
49
48
48
48
48
49
47
48
50
56
64
71
60
61
62
65
63
61
56
54
56
55
52
49
48
47
50
53
51
58
62
60
61
59
51
51
55
61
63
62
60
58
59
61
71
75
75
73
73
66
61
61
66
74
80
78
75
77
75
77
74
72
73
70
71
74
75
74
72
73
78
85
86
83
82
82
86
90
100
104
96
87
86
86
85
82
80
80
84
90
84
82
93
109
102
92
90
88
83
83
82
82
85
81
80
83
93
89
79
92
94
104
117
113
103
98
96
100
112
108
106
100
95
87
82
80
76
74
76
75
75
72
79
95
100
109
119
125
140
152
190
213
194
181
185
196
200
206
196
198
192
191
189
191
192
191
192
193
190
186
180
177
174
174
170
163
156
146
140
133
126
121
117
115
115
117
124
128
131
139
151
177
190
199
212
218
215
209
181
171
176
183
176
173
180
178
170
160
154
146
137
130
124
119
118
120
125
124
120
112
107
104
102
102
100
96
94
92
91
91
89
88
90
89
90
99
104
105
106
114
121
124
125
121
114
110
115
113
113
115
121
128
131
131
125
125
124
118
111
107
102
97
91
84
71
58
59
67
66
65
67
64
53
52
53
51
57
62
60
53
50
48
48
47
44
40
36
35
31
30
27
25
24
24
24
24
21
20
18
22
23
20
20
20
22
27
28
26
22
23
24
15
13
13
13
18
18
18
17
13
15
14
13
15
15
15
16
20
17
14
19
25
22
17
15
26
24
17
19
23
25
22
14
22
33
28
16
19
25
28
22
20
24
23
20
25
26
22
21
18
15
21
28
20
19
22
25
26
26
32
20
17
19
24
22
22
18
19
19
18
23
20
20
25
26
27
25
26
24
27
25
17
15
18
12
12
12
15
16
15
15
17
16
20
21
21
19
19
21
20
24
22
22
24
29
31
25
24
28
30
30
32
32
29
32
34
35
35
32
32
29
23
24
25
25
26
26
25
29
29
28
32
31
34
29
27
26
30
36
36
32
28
29
27
30
31
28
27
33
34
25
23
26
21
17
21
28
31
23
20
18
18
22
27
28
18
16
14
19
25
33
30
24
20
20
24
25
28
24
17
15
19
30
39
34
27
25
21
19
13
9
16
23
25
22
24
16
14
16
22
18
13
10
8
12
14
16
20
22
25
26
24
36
47
49
44
35
30
32
32
31
32
30
28
28
30
31
33
34
35
36
36
34
36
40
38
39
41
39
41
39
38
31
35
43
42
43
42
38
37
38
39
38
40
41
44
46
47
44
37
33
30
27
24
19
19
20
22
19
20
26
29
27
33
34
37
37
32
31
29
27
26
24
26
30
31
25
23
22
22
24
22
24
23
35
42
44
54
55
55
50
55
52
48
44
43
45
46
39
38
36
34
33
39
68
90
94
101
114
122
113
106
125
136
135
126
114
114
114
111
113
106
106
97
92
90
84
83
83
80
74
76
68
59
52
47
49
46
48
46
39
41
41
39
36
36
33
29
28
26
21
24
23
20
17
20
17
20
23
23
18
14
16
18
18
18
16
20
17
17
18
16
20
19
17
21
25
27
30
34
33
34
33
31
32
32
34
34
31
27
28
28
30
33
34
38
36
34
34
36
38
41
42
39
37
41
38
38
34
31
31
33
33
33
33
34
35
35
36
37
38
39
38
38
38
38
38
39
40
39
36
34
34
34
34
33
32
33
34
32
33
32
32
33
35
35
36
35
35
35
37
36
35
35
39
40
39
38
38
38
39
38
41
41
40
40
40
41
45
46
52
55
52
42
40
38
40
41
51
46
48
58
37
41
41
40
41
45
47
47
44
44
42
44
45
47
47
49
45
64
117
139
174
158
128
136
138
154
148
173
186
186
176
167
156
132
132
127
127
121
130
127
122
126
124
122
123
130
129
121
113
107
101
101
100
102
104
101
99
91
84
80
72
66
58
54
47
47
45
45
46
45
45
42
42
45
44
44
43
44
45
55
55
50
54
57
63
68
70
70
66
64
61
59
58
55
53
56
60
60
61
62
61
59
59
56
54
54
54
55
57
57
56
55
54
54
54
55
54
54
54
52
52
51
51
50
49
47
46
44
44
44
44
46
52
54
51
49
46
55
53
52
50
51
55
56
47
58
66
60
56
53
49
45
43
53
68
56
51
62
62
50
41
40
39
38
49
74
79
79
60
48
50
52
56
63
68
71
76
80
79
76
71
69
66
66
72
72
70
71
75
76
74
72
69
69
68
67
68
70
74
72
71
73
65
63
64
65
65
60
59
59
59
59
57
53
47
42
40
37
37
36
36
39
42
43
45
45
46
49
50
53
52
51
51
52
50
52
53
52
51
48
47
40
41
41
38
37
41
36
33
32
37
38
32
33
32
34
36
40
43
42
35
30
31
31
32
39
40
42
43
41
42
44
48
52
54
53
54
65
71
85
99
106
105
104
103
106
111
110
108
106
95
90
93
96
98
100
106
105
104
113
116
112
115
116
115
125
126
122
118
113
110
111
111
102
132
141
117
92
95
96
96
98
99
103
106
106
109
109
107
109
107
107
117
118
120
102
101
99
99
100
102
101
99
95
91
90
93
94
93
99
97
93
94
89
84
79
74
72
69
68
65
61
59
57
56
53
53
52
50
48
48
47
46
44
45
46
45
45
46
47
46
44
44
45
44
44
45
45
43
41
40
40
41
42
42
43
44
44
43
57
60
57
64
65
58
64
61
72
79
78
70
70
86
98
91
82
66
65
62
42
42
44
42
41
40
40
39
39
39
39
39
38
37
37
37
35
35
35
35
43
39
35
36
37
37
37
38
37
35
34
35
47
46
38
37
35
40
47
57
47
34
37
37
37
37
39
42
44
43
42
42
44
45
46
46
47
46
43
44
43
44
43
43
42
44
44
44
44
43
43
42
41
42
40
36
36
39
39
38
36
36
36
37
39
38
37
34
33
35
35
36
35
32
31
31
33
35
35
33
33
33
34
35
37
36
38
39
43
48
50
49
47
48
46
46
48
51
52
52
50
46
44
44
42
40
36
33
35
36
35
33
30
31
31
31
30
29
27
27
27
27
28
29
27
25
25
25
25
26
26
27
25
26
26
27
28
26
23
24
24
24
24
24
26
26
28
29
28
30
31
32
32
31
31
33
32
31
31
32
33
33
32
32
34
35
35
36
36
39
42
43
43
40
39
40
42
42
41
40
40
38
38
38
37
37
35
35
34
33
34
34
33
35
37
37
38
39
41
40
40
39
39
40
43
46
47
45
44
44
44
46
47
46
42
40
38
36
36
37
36
37
37
38
39
43
46
48
48
46
46
46
43
40
38
38
37
40
41
39
37
35
34
33
34
33
33
35
35
34
33
34
35
35
34
33
31
31
30
31
31
31
30
29
28
29
30
31
33
35
35
35
35
35
35
36
37
36
36
37
39
41
39
40
40
41
42
43
43
43
44
44
41
40
42
44
44
45
44
45
42
41
39
39
39
42
44
47
46
43
41
42
43
39
39
41
43
43
42
39
40
40
42
41
40
40
38
41
43
42
41
40
39
37
36
35
37
39
43
45
47
51
56
57
59
64
70
74
77
79
83
84
82
82
80
82
83
82
84
85
85
85
79
74
73
78
86
88
85
75
62
50
43
41
42
46
45
44
47
50
55
54
52
52
51
51
51
53
54
58
59
60
60
61
65
66
68
71
71
74
75
72
69
72
77
80
81
86
96
97
93
85
78
72
65
53
44
39
42
45
45
43
42
41
44
41
38
36
35
34
29
26
28
31
33
33
33
28
27
28
31
33
31
30
22
18
19
25
24
20
18
20
24
25
24
24
24
24
22
21
22
25
26
24
23
24
24
24
23
23
22
21
23
21
26
22
25
27
31
30
33
33
29
29
37
43
39
31
31
35
32
30
31
28
28
26
25
25
23
21
20
17
18
21
21
21
21
18
19
20
20
19
20
20
20
22
21
19
17
17
15
16
18
21
23
24
25
23
21
22
21
18
18
19
18
18
20
21
22
23
25
26
25
24
25
26
27
26
24
22
24
26
28
29
29
30
28
28
24
22
25
28
31
34
34
29
32
31
32
31
33
33
31
30
32
33
34
31
31
30
31
33
34
34
36
36
34
34
36
34
31
31
33
33
31
30
27
25
27
29
30
28
29
32
30
28
28
33
29
32
34
34
29
29
29
28
27
28
28
26
28
27
28
27
24
26
30
25
28
26
26
27
28
26
26
28
32
35
35
36
47
40
45
47
54
56
42
55
61
60
55
57
58
57
42
37
40
52
57
52
50
53
50
47
51
51
48
46
34
34
37
38
39
39
38
37
38
40
40
38
37
37
37
36
34
34
36
34
32
32
32
31
32
32
31
30
31
25
21
27
27
29
36
34
30
31
33
29
26
28
32
27
20
27
34
32
27
24
24
27
27
26
23
22
25
26
25
26
29
33
34
31
28
27
27
30
34
37
42
42
42
37
38
40
41
48
50
46
42
41
42
43
46
50
46
44
42
44
46
47
48
48
49
50
49
48
46
48
48
49
49
48
45
45
47
48
84
48
83
82
76
82
99
104
116
93
101
108
123
113
98
98
107
100
113
104
104
112
116
116
111
95
82
84
99
104
108
92
98
99
93
90
92
85
84
81
75
67
59
58
60
59
61
52
49
50
52
50
42
42
43
44
43
41
42
42
42
41
42
52
52
51
46
46
47
55
62
71
66
48
38
55
61
59
53
57
54
50
46
48
63
72
64
59
63
79
79
76
75
73
65
56
57
63
63
65
74
79
86
85
86
87
95
98
98
96
93
92
91
95
113
107
101
95
109
144
142
158
155
167
193
212
200
183
179
190
205
199
195
181
181
186
179
190
186
188
187
186
182
169
166
151
129
137
136
130
120
119
118
122
123
123
117
116
105
110
97
97
94
95
91
97
103
96
98
100
80
97
111
105
105
100
92
89
100
106
102
96
88
80
70
64
70
82
91
110
124
113
94
87
78
67
62
65
67
68
63
65
66
66
66
66
63
61
55
53
60
59
55
56
64
73
78
71
66
69
72
69
68
65
61
63
68
74
80
87
85
82
78
73
69
65
63
63
62
62
62
65
72
71
68
67
65
57
48
43
46
52
47
43
40
46
61
58
50
40
42
40
29
28
28
31
33
33
32
30
31
31
34
35
34
32
34
35
37
40
40
42
48
51
49
41
40
44
44
42
37
31
33
42
39
31
31
31
31
31
32
31
31
31
32
31
31
34
35
36
36
33
33
33
34
33
32
32
33
33
34
33
33
35
36
35
35
36
35
36
39
40
40
39
39
39
39
37
36
35
35
35
33
33
38
43
45
43
42
40
42
46
49
52
54
55
53
50
48
46
43
40
40
39
39
39
39
39
40
38
38
38
38
38
38
37
37
39
38
37
36
37
37
37
39
42
41
38
39
39
40
39
40
41
42
41
40
40
42
44
43
43
41
38
44
47
52
55
56
54
55
56
56
54
49
45
45
46
45
45
45
46
45
43
42
43
44
43
41
39
39
38
38
38
36
37
36
39
39
41
41
42
43
42
42
41
40
42
41
41
40
40
38
38
37
39
39
39
39
41
42
43
48
42
43
42
43
41
40
42
43
44
45
45
46
46
46
47
47
47
47
48
48
48
48
48
50
51
51
51
52
50
49
46
45
44
44
43
43
42
43
43
43
43
43
44
44
46
45
45
43
43
42
43
44
43
43
43
42
44
46
47
48
51
52
50
51
51
51
49
47
45
43
43
43
44
43
47
47
47
50
49
59
60
60
59
58
62
66
65
61
65
62
60
65
68
71
70
82
95
90
83
76
74
75
74
71
71
69
70
69
64
60
53
58
61
66
69
68
66
68
69
63
63
61
58
62
68
72
71
70
69
69
69
68
71
79
85
82
81
84
86
86
87
89
87
83
78
76
73
71
71
75
75
74
73
71
71
64
60
54
48
46
43
43
41
38
37
37
37
38
38
39
37
38
38
38
39
38
39
37
36
36
53
41
39
39
72
88
82
83
84
91
111
82
70
67
85
85
84
87
55
46
55
50
36
37
37
37
37
36
35
34
34
36
36
35
33
32
33
35
36
35
35
33
33
32
31
31
31
32
33
34
36
35
35
34
33
33
34
36
37
38
38
36
36
38
39
40
40
41
37
38
38
39
39
39
38
37
37
37
36
36
37
38
38
38
36
34
34
34
33
33
33
32
34
36
36
37
35
34
36
35
36
36
34
35
34
32
32
31
30
29
27
28
28
32
36
40
40
37
34
34
35
36
36
36
36
36
35
39
38
41
39
36
34
34
33
32
33
32
31
27
24
22
22
24
22
20
23
27
28
30
33
34
38
38
38
38
37
37
36
36
34
31
30
37
51
69
84
101
123
125
105
71
44
33
33
32
33
52
63
64
57
52
45
40
36
37
41
46
50
51
49
47
47
49
54
56
54
49
45
43
46
50
52
51
47
44
41
43
46
48
48
47
47
45
43
43
43
43
44
45
45
45
45
43
44
43
43
46
47
47
47
48
49
48
47
45
43
43
45
46
47
42
41
41
42
44
44
45
47
48
49
49
50
51
54
52
52
51
56
57
51
54
56
59
58
59
58
56
55
56
56
58
61
55
55
55
53
51
48
47
47
48
48
47
49
49
48
48
51
51
53
50
51
53
50
52
55
61
63
63
69
75
76
80
86
80
81
83
89
96
100
100
95
91
88
90
89
85
81
83
85
86
85
82
82
81
79
76
76
72
64
64
64
69
67
61
58
53
49
44
49
50
50
50
48
45
49
51
51
51
52
52
54
60
54
55
49
50
55
55
48
52
55
63
67
65
59
49
42
44
48
53
53
50
47
50
52
46
44
43
43
41
40
38
38
39
40
40
39
39
38
37
37
40
44
47
45
42
39
39
39
42
43
39
40
38
38
39
39
40
38
35
36
37
36
38
39
37
35
32
34
35
35
37
37
35
34
35
34
34
35
37
38
37
36
35
35
35
35
36
37
35
35
34
33
32
31
33
36
42
52
54
55
55